2222222222222222222222222
2222022022220222222222122
2202220222212222022222022
2222022222202222222222122
2020222202202212222222222
2222222222202222212222221

2222222222222222222222222
2222222222220222222222222
2222220222222222022222022
2222022222212222222222122
2220222202202202222222222
2222222222212222212222220

2222222222222222222222222
2222222022220222222222122
2222220222212222022222222
2222022222212222222222222
2220222202222212222222222
2222222222212222202222221

1111111111111111111111111
1222122122221222222222122
1212221222212222222222222
1222122222212222222222122
1121222222222222222222222
1222222222202222202222220

0000000000000000000000000
0222122122220222222222222
0212220222222222122222222
0222022222212222222222022
0120222212222202222222222
0222222222212222212222220

1111111111111111111111111
1222122122221222222222222
1212221222222222022222022
1222122222202222222222122
1121222202202212222222222
1222222222222222212222222

0000000000000000000000000
0222022022221222222222120
0202221222210221222222122
0222122202112222222222122
0021220222212212222222222
0222221222222222222222222

1111111111111111111111111
1222022022222222222222021
1202222222201222022222222
1222222211202222222222222
1022221202222212222222222
1222222122212222222222220

2222222222222222222222222
2222222222222222222222222
2222222222222221122222122
2222222221112222222222122
2222222212212222222222222
2222221122202222212222220

0000000000000000000000000
0222222122222222222222122
0222222222212221022222122
0222222221102222222222022
0222222202212202222222222
0222221222202222202222220

0000000000000000000000000
0222022122222222222222222
0202222222222222222222122
0222222220222222222222022
0022222222212202222222222
0222222122212222202222220

1111111111111111111111111
1222222222220222222222021
1222220222201220222222222
1222022211012222222222222
1220221222222202222222222
1222210022202222212222220

1111111111111111111111111
1222222022220222222222220
1222220222220222022222222
1222022201212222222222122
1220220202222222222022222
1222222122222222222222221

1111111111111111111111111
1222022122222222222222020
1202222222200222222222222
1222222201202222222222002
1022220222222202222222222
1222202222212222222222222

1111111111111111111111111
1222022222222222222222220
1202222222220220022222022
1222222201012222222222022
1022220202202222222022222
1222210022202222212222221

1111111111111111111111111
1222022122220222222222221
1202220222221221122222122
1222022210102222222222222
1020221212212222222022222
1222211222212222222222222

0000000000000000000000000
0222122222221222222221221
0212221222221222122122122
0222122111212222222222122
0121221212212222222222222
0222222022212222202222220

2222222222222222222222222
2222222022221222222220021
2222221222201221122222122
2222122012102222222222012
2221221212212222222122222
2222201122212222202222222

1111111111111111111111111
1222222122220222222220220
1222220222220220122022022
1222022001002222222222022
1220220212202212222122222
1222210222222222212222220

2222222222222222222222222
2222222022221222222222120
2222221222210220222022222
2222122202022222222222012
2221220222222212222022222
2222200222222222222222222

2222222222222222222222222
2222122022221222222221122
2212221222212220222022222
2222122122012222222222022
2121222222222222222222222
2222200122222222202222221

0000000000000000000000000
0222022022222222222220110
0202222222210220022222022
0222222002002222222222022
0022220202202212222222222
0222220122202222212222220

1111111111111111111111111
1222022222221222222220011
1202221222201220222212222
1222122012022222222222212
1021221222122212222022222
1222220012222222212222222

2222222222222222222222222
2222022122222222222220021
2202222222201220022212022
2222222010002222222222112
2022221202102202222222222
2222210212202222212222220

1111111111111111111111111
1222022022220222222220220
1202220222220220122212222
1222022000002222222222212
1020220212122202222022222
1222220012222222202222220

0000000000000000000000000
0222122222220222222221222
0212220222222220122222122
0222022121012222222222102
0120222212212212222222222
0222200122212222222222220

2222222222222222222222222
2222122022220222222220012
2212220222202222022002022
2222022021212222222222222
2120222202002212222022202
2222202002212222212222220

0000000000000000000000000
0222122222222222222222200
0212222222220222022102122
0222222200202222222222122
0122220202012212222122202
0222222202212222222222222

1111111111111111111111111
1202222022220221222222200
1022220222220221222102022
1222012200122222222222102
1220220222002212222222212
1221221202202222202222221

1111111111111111111111111
1222022022220221222222001
1202220222201220222002122
1222012210022222222222202
1020221222012222222222222
1221220102212222222222222

0000000000000000000000000
0202022222222221222222010
0002222222200221222012222
0222212200102222222222002
0022220222122202222222212
0221201012222222202222221

1111111111111111111111111
1212222222222220222222120
1122222222210220022012220
1222202202012222022222122
1222220202120222222122222
1220220012212222202222222

1111111111111111111111111
1202222222220220222222010
1022220222200220022012021
1222002200012222122222222
1220220202101222222122212
1220210112212222202222221

2222222222222222222222222
2202122022222221222220120
2012222222210221122102121
2222212000112222122222011
2122220212011202221222222
2221221102222222202222221

1111111111111111111111111
1212122022220220222221210
1112220222220222122222022
1222002101222222222222111
1120220212202212221022212
1220222022202222202222220

2222222222222222222222222
2202222122221220222222211
2022221222221222222022020
2222102211212222022222212
2221221222200212222122222
2220222122222222222222222

1111111111111111111111111
1202222222220220222222122
1022220222212220222202020
1222002220022222022222112
1220222222000222222122202
1220200102212222222222222

1111111111111111111111111
1212122022220221222222202
1112220222222221222122222
1222012222102222222222201
1120222222222222221122222
1221211222202222222222222

1111111111111111111111111
1222122122221221222222201
1212221222221222022022020
1222112211202222022212200
1121221202200221220022222
1221202222221222222222220

1111111111111111111111111
1222122022221220222220122
1212221222212222222102022
1222102020222222222202112
1121222222002210222222222
1220222202200222222222220

2222222222222222222222222
2222022122222222222221111
2202222222211222222122021
2222222112202222122222212
2022221222201222222222202
2222222022202222202222221

1111111111111111111111111
1212022222220220222222111
1102220222211222222222122
1222002212212222212202211
1020221222212200221222212
1220222122210222222222220

0000000000000000000000000
0222022022222220222222111
0202222222211222022202021
0222202211212222122222021
0022221202001212221222212
0220222202202222222222222

2222222222222222222222222
2222222222222221222221010
2222222222200220022102021
2222212102002222112212020
2222220202001221220122212
2221210102221222202222221

0000000000000000000000000
0222222022220221222220001
0222220222201220222112221
0222012011022222122212020
0220221222121211220022212
0221220012201222212222220

2222222222222222222222222
2222122122200222222220212
2212220222222220012112222
2222022021022222202222111
2120222202122202221022212
2222210112202222202222220

1111111111111111111111111
1222222122210221222222001
1222220222201220022210020
1222012212002202002222220
1220221202100212220222202
1221210112222222222222222

1111111111111111111111111
1202022222201220222222201
1002221222221221022011121
1222102211102212112212220
1021221202111201220122212
1220201212211222212222221

2222222222222222222222222
2202122122200221222222220
2012220222220221012111021
2222012201122212102222012
2120220202101202222222212
2221221112202222202222222

0000000000000000000000000
0212022122210222222220211
0102220222221220222012021
0222022012012222102222010
0020221222101222220122212
0222220012212222202222222

1111111111111111111111111
1212022222202220222221210
1102222222220221112201021
1222202102122212122222001
1022220212001202221122202
1220221202212222212222220

2222222222222222222222222
2202222022202220222222211
2022222222221221102001100
2222202210102212022202212
2222221212010220222122202
2220221202220222212222222

0000000000000000000000000
0212022222221220222220111
0102221222211221022021101
0222102012112211112202221
0021221202211220221222202
0220201121220222202222222

2222222222222222222222222
2212122122200222222222122
2112220222212220222012111
2222022222002222102222110
2120222222111202220222212
2222200212222222222222220

2222222222222222222222222
2202022022102221122222222
2002212212222222112010011
2222212222222201102222111
2022122212101222221022222
2211212111202222212222222

1111111111111111111111111
1202222022100220022221202
1022210202222220012211202
1222002122022211222202202
1220022202122200222222222
1210220011210222222222221

0000000000000000000000000
0202222022002222222220010
0022202222200222222012112
0222222001202220212212101
0222220222112201221222202
0202202210201222222222220

2222222222222222222222222
2222022122121220222220100
2202211222210220222101122
2222102001002210222202012
2021220222012210222122222
2210220000210222222222222

0000000000000000000000000
0212222222120222222221200
0122210222220222212000002
0222022101212201212202201
0220220222002200221122202
0212222001210222222222222

0000000000000000000000000
0222222102001221022220001
0222001202201222222102002
0222112012212222222222000
0201021222002202220022222
0201222202212222222222220

1111111111111111111111111
1222022102110221222220001
1202010222201220012122010
1222012012002221012212201
1000221202200201221122222
1211220221201222222222222

0000000000000000000000000
0202222012012220222221201
0022102222221221020000112
0222202110100202212202011
0212221200012220221222220
0200221202210222202222222

2222222222222222222222222
2212122202120222222220211
2112010222221220001201022
2222022010011211202222102
2100221201002202222122222
2212200201212222212222220

0000000000000000000000000
0202122022002220022220110
0012202202210222020021101
0222202000200210112202001
0122020200211220221222212
0200202020220222202222220

1111111111111111111111111
1222222212221221122221221
1222121212221220111000212
1222112111021202202222202
1211121211022202222222221
1221200202222222222222222

0000000000000000000000000
0202222012111221222220120
0022111222210222100112202
0222112000200220212212121
0211220210122221221022222
0211222110221222212222221

1111111111111111111111111
1212222022110221222221101
1122210222211222022221000
1222012110202211012202221
1220221202200220221022200
1211222021210222222222221

2222222222222222222222222
2222022022220221022220120
2202220202210220222101200
2222012000022211012212120
2020020222020201220122202
2221210101201222202222220

0000000000000000000000000
0222122002010222022222222
0212000202222222121002102
0222022220211221202222100
0100022211012212220222210
0202212101222222202222220

0000000000000000000000000
0222122112112220022221102
0212112202212222001001100
0222202120211210002222021
0112022201010222221022220
0210222200202222222222222

2222222222222222222222222
2202022202000220122222022
2002000212202220201100200
2222002220011200022222121
2000122221020222221122201
2200200000202222212222222

0000000000000000000000000
0212022002212220122222001
0102022212201221111221212
0222202210121212212211000
0002121211222221220222200
0220211122221222212220222

0000000000000000000000000
0202122012101121122221102
0012111212212222012120002
0222112120202201202211011
0111122202202201221122202
0211202021221222222222221

0000000000000000000000000
0202122002111220022221222
0012011202222200212110120
0222102120012201002212122
0101022022110221022122201
0210200211221222222220222

2222222222222222222222222
2212022122112220222221212
2102212222222211020000020
2222202122100202012202122
2022222100000200122222202
2210201102210222212220222

0000000000000000000000000
0212122002012222222221002
0112002222202222201222100
0222222120201222022222221
0102222221210202121122210
0202202022202222222221221

2222222222222222222222222
2202122022112122122220212
2012212212222221221221222
2222222021121210222220201
2122122221222202221222211
2212221020222222202221221

2222222222222222222222222
2212122022010121222222000
2112200222200202012202021
2222012202202221112211000
2120220002001221120220212
2201212001201222202220222

0000000000000000000000000
0202222022221222022222200
0022221202220211122110202
0222122201112201222220201
0221020112122202121020212
0222221011212222222220221

2222222222222222222222222
2202122121020121222222020
2012200222200210202112111
2221012200022222102222001
2120220122111202021021200
2201220212212222222222221

0000000000000000000000000
0202022210102222122221222
0002112212222221122100120
0220222120112202012201011
0012122212010210021021202
0212211002210222222221221

2222222222222222222222222
2222022102101000122221212
2202011012222211012102022
2222102122112221202200012
2001122102002200222220201
2210221101210222202221220

2222222222222222222222222
2222222110211111022220102
2222121102212220010101200
2220112020010210012222120
2211022200020202120222102
2221200100212222212221221

2222222222222222222222222
2212222021021202022221020
2122201002200221001121100
2221122101111210002221020
2221020201210212120222210
2202211020212222222222221

0000000000000000000000000
0212122111021002022221210
0112101002220202000102221
0221122101210221120212110
0111020000021211020022121
0202212001221222212221220

0000000000000000000000000
0222022011200202022222020
0202120002200211021201011
0221022201121211101220112
0010020101001222222022021
0222201001222222222220222

1111111111111111111111111
1212022202022021122222220
1102002212220201012111210
1222212202112211020222221
1002120002120212221122102
1201201011212222212222222

1111111111111111111111111
1222022122020121122222010
1202200212200200101012202
1222012201001220220222220
1020120011122202220221121
1201210010212222202211221

2222222222222222222222222
2212122122202010222220202
2112222122222202202122121
2222202022202221112212102
2122222022211211122222110
2220202021201222222201220

0000000000000000000000000
0222122120111001221220021
0212211021201222001202110
0220111011211221021211022
0121221201010201122120021
0211212201211222202201221

0000000000000000000000000
0202022121121000120222222
0002211010222220200110002
0221100221010200201220220
0021122220102212020222112
0210200210212222222212221

1111111111111111111111111
1222122102200011220022220
1212020120220220001210100
1222010202021202022221002
1100220201110212022022102
1221200112212222211220221

2222222222222222222222222
2201022120211021021221012
2002221201202220122021111
2120111121002210122222110
2021022212211202020222100
2221210120212222222221221

0000000000000000000000000
0202022211120111221220010
0002110121200212122220202
0221011001222200210200101
0010220112222210021222002
0211212120210222201201221

1111111111111111111111111
1221122010010202020222120
1212100000210202000010201
1120020202210200101221212
1110020000121212122122121
1202212010212222202221221

0000000000000000000000000
0202022200100112220220122
0002010120212201001000112
0220020021121201210201011
0000222001012200021122102
0212211001220212222221220

2222222222222222222222222
2220122211101021021220210
2212111201220202112111011
2021111002212212100202211
2111020012101210221120112
2211202212220222211210222

0000000000000000000000000
0200222110010200020221012
0022100000202212222011201
0020000120212010110202222
0210022122121200202021012
0200222110220222201210220

1111111111111111111111111
1212222202112201221121201
1122012021221212201210212
1222211111211002202221202
1202221121122212012121010
1211202212222222220211222

1111111111111111111111111
1011010201220222012211201
1100020202121012212120222
1101022110202102201000020
1000011122222010220000220
1122122222120111020122111